587724648720826467
587726033334632485
587729150383095831
587729150383161562
587729388214222955
587730021717966911
587732048403824840
587732771864182806
587735349636300832
587736584429306061
587736804008722435
587736808298774638
587736940908511450
587737827288809605
587738618098614323
587738946131132437
587738947740041304
587739608618696777
587739609700040719
587739707948204093
587739848605499583
587739862562373904
587741490893684878
587741490906398723
587741490908037216
587742551759257682
588007004191326250
588010879845531657
588011124118585393
588017566556225638
588017702388039685
588017990689751059